---
build/assets/images/avatar_big_transparent_425px.png: 2018-10-13 21:41:04.589340351
  +01:00
build/assets/images/avatar_big_transparent.png: 2018-10-13 21:41:34.718475240 +01:00
build/assets/images/avatar_circle.png: 2018-10-13 21:41:47.886964780 +01:00
build/assets/images/favicon-64.png: 2018-10-13 21:41:02.429258167 +01:00
build/assets/images/avatar_circle_190px.png: 2018-10-13 21:41:03.353293338 +01:00
build/assets/images/screenshots/draw-screenshot.png: 2018-10-13 21:41:18.009848471
  +01:00
build/assets/images/screenshots/draw-screenshot_700px.png: 2018-10-13 21:41:39.006635079
  +01:00
build/assets/images/screenshots/rps-screenshot.png: 2018-10-13 21:41:58.623361085
  +01:00
build/assets/images/screenshots/weather-compare-screenshot_700px.png: 2018-10-13 21:41:51.151085532
  +01:00
build/assets/images/screenshots/portfolio-screenshot_700px.png: 2018-10-13 21:41:51.147085384
  +01:00
build/assets/images/screenshots/prevy-screenshot.png: 2018-10-13 21:41:57.287311905
  +01:00
build/assets/images/screenshots/ruby-chess-screenshot.jpg: 2018-10-13 21:02:18.674007281
  +01:00
build/assets/images/screenshots/ruby-chess-screenshot_700px.jpg: 2018-10-13 21:40:55.953011104
  +01:00
build/assets/images/screenshots/rps-screenshot_700px.png: 2018-10-13 21:42:02.103489012
  +01:00
build/assets/images/screenshots/weather-compare-screenshot.png: 2018-10-13 21:42:08.471722434
  +01:00
build/assets/images/screenshots/prevy-screenshot_700px.png: 2018-10-13 21:42:01.835479169
  +01:00
build/assets/images/screenshots/portfolio-screenshot.png: 2018-10-13 21:42:11.743842038
  +01:00
build/assets/images/lets-talk_optimized.svg: 2018-10-13 21:42:02.259494740 +01:00
build/assets/images/icons/email_icon.svg: 2018-10-13 21:42:02.439501348 +01:00
build/assets/images/icons/ruby_icon.svg: 2018-10-13 21:42:08.803734581 +01:00
build/assets/images/icons/github_icon.svg: 2018-10-13 21:42:08.807734727 +01:00
build/assets/images/icons/if_angle-double-up_1608506.svg: 2018-10-13 21:42:12.127856061
  +01:00
build/assets/images/icons/rails_icon.svg: 2018-10-13 21:42:12.155857082 +01:00
build/assets/images/icons/react_icon.svg: 2018-10-13 21:42:12.139856499 +01:00
build/assets/images/icons/twitter_icon.svg: 2018-10-13 21:42:12.159857229 +01:00
build/assets/images/icons/javascript_icon.svg: 2018-10-13 21:42:12.523870517 +01:00
build/assets/images/icons/chevron-down.svg: 2018-10-13 21:42:12.519870370 +01:00
build/assets/images/icons/exercism_icon.svg: 2018-10-13 21:42:12.551871538 +01:00
build/assets/images/icons/sass_icon.svg: 2018-10-13 21:42:12.563871976 +01:00
build/assets/images/icons/chevron-left.svg: 2018-10-13 21:42:12.907884534 +01:00
build/assets/images/icons/emoji_smile.svg: 2018-10-13 21:42:12.907884534 +01:00
build/assets/images/stats/commits_2016.png: 2018-10-13 21:42:16.616019714 +01:00
build/assets/images/stats/hours_2018.png: 2018-10-13 21:42:21.444195298 +01:00
build/assets/images/stats/commits_last_year.png: 2018-10-13 21:42:16.684022191 +01:00
build/assets/images/stats/hours_2016.png: 2018-10-13 21:42:22.636238575 +01:00
build/assets/images/stats/commits_2017.png: 2018-10-13 21:42:20.276152866 +01:00
build/assets/images/stats/hours_2017.png: 2018-10-13 21:42:25.164330261 +01:00
