---
build/assets/images/avatar_big_transparent.png: 2018-10-11 18:30:56.161013004 +01:00
build/assets/images/avatar_circle.png: 2018-10-11 18:30:56.161013004 +01:00
build/assets/images/favicon-64.png: 2018-10-11 18:30:56.161013004 +01:00
build/assets/images/screenshots/draw-screenshot.png: 2018-10-11 18:30:56.161013004
  +01:00
build/assets/images/screenshots/rps-screenshot.png: 2018-10-11 18:30:56.161013004
  +01:00
build/assets/images/screenshots/prevy-screenshot.png: 2018-10-11 18:30:56.161013004
  +01:00
build/assets/images/screenshots/ruby-chess-screenshot.jpg: 2018-10-11 18:30:56.161013004
  +01:00
build/assets/images/screenshots/weather-compare-screenshot.png: 2018-10-11 18:30:56.161013004
  +01:00
build/assets/images/screenshots/portfolio-screenshot.png: 2018-10-11 18:30:56.161013004
  +01:00
build/assets/images/stats/commits_2016.png: 2018-10-11 18:30:56.161013004 +01:00
build/assets/images/stats/hours_2018.png: 2018-10-11 18:30:56.165013018 +01:00
build/assets/images/stats/commits_last_year.png: 2018-10-11 18:30:56.161013004 +01:00
build/assets/images/stats/hours_2016.png: 2018-10-11 18:30:56.161013004 +01:00
build/assets/images/stats/commits_2017.png: 2018-10-11 18:30:56.161013004 +01:00
build/assets/images/stats/hours_2017.png: 2018-10-11 18:30:56.165013018 +01:00
