---
build/assets/images/avatar_big_transparent.png: 2018-10-11 18:26:31.223907944 +01:00
build/assets/images/avatar_circle.png: 2018-10-11 18:26:44.351970695 +01:00
build/assets/images/favicon-64.png: 2018-10-11 18:25:37.755641848 +01:00
build/assets/images/screenshots/draw-screenshot.png: 2018-10-11 18:25:37.755641848
  +01:00
build/assets/images/screenshots/rps-screenshot.png: 2018-10-11 18:25:37.755641848
  +01:00
build/assets/images/screenshots/prevy-screenshot.png: 2018-10-11 18:26:40.559952670
  +01:00
build/assets/images/screenshots/ruby-chess-screenshot.jpg: 2018-10-11 18:25:37.759641868
  +01:00
build/assets/images/screenshots/weather-compare-screenshot.png: 2018-10-11 18:26:55.948025317
  +01:00
build/assets/images/screenshots/portfolio-screenshot.png: 2018-10-11 18:25:37.755641848
  +01:00
build/assets/images/stats/commits_2016.png: 2018-10-11 18:26:55.904025111 +01:00
build/assets/images/stats/hours_2018.png: 2018-10-11 18:27:08.352082929 +01:00
build/assets/images/stats/commits_last_year.png: 2018-10-11 18:27:06.628074971 +01:00
build/assets/images/stats/hours_2016.png: 2018-10-11 18:27:20.332137790 +01:00
build/assets/images/stats/commits_2017.png: 2018-10-11 18:27:10.240091625 +01:00
build/assets/images/stats/hours_2017.png: 2018-10-11 18:27:29.412178870 +01:00
