---
build/assets/images/avatar_big_transparent.png: 2018-10-11 18:47:36.768309240 +01:00
build/assets/images/avatar_circle.png: 2018-10-11 18:47:48.880451019 +01:00
build/assets/images/favicon-64.png: 2018-10-11 18:47:01.707885396 +01:00
build/assets/images/screenshots/draw-screenshot.png: 2018-10-11 18:47:18.172086970
  +01:00
build/assets/images/screenshots/rps-screenshot.png: 2018-10-11 18:47:16.540067191
  +01:00
build/assets/images/screenshots/prevy-screenshot.png: 2018-10-11 18:47:46.196419800
  +01:00
build/assets/images/screenshots/ruby-chess-screenshot.jpg: 2018-10-11 18:45:16.563354884
  +01:00
build/assets/images/screenshots/weather-compare-screenshot.png: 2018-10-11 18:48:00.780588079
  +01:00
build/assets/images/screenshots/portfolio-screenshot.png: 2018-10-11 18:48:02.768610765
  +01:00
build/assets/images/stats/commits_2016.png: 2018-10-12 22:15:55.856945281 +01:00
build/assets/images/stats/hours_2018.png: 2018-10-12 22:16:01.396997178 +01:00
build/assets/images/stats/commits_last_year.png: 2018-10-12 22:16:00.176985708 +01:00
build/assets/images/stats/hours_2016.png: 2018-10-12 22:16:12.345101132 +01:00
build/assets/images/stats/commits_2017.png: 2018-10-12 22:16:09.609074980 +01:00
build/assets/images/stats/hours_2017.png: 2018-10-12 22:16:14.321120091 +01:00
