---
build/assets/images/avatar_big_transparent.png: 2018-10-11 18:47:36.768309240 +01:00
build/assets/images/avatar_circle.png: 2018-10-11 18:47:48.880451019 +01:00
build/assets/images/favicon-64.png: 2018-10-11 18:47:01.707885396 +01:00
build/assets/images/screenshots/draw-screenshot.png: 2018-10-11 18:47:18.172086970
  +01:00
build/assets/images/screenshots/rps-screenshot.png: 2018-10-11 18:47:16.540067191
  +01:00
build/assets/images/screenshots/prevy-screenshot.png: 2018-10-11 18:47:46.196419800
  +01:00
build/assets/images/screenshots/ruby-chess-screenshot.jpg: 2018-10-11 18:45:16.563354884
  +01:00
build/assets/images/screenshots/weather-compare-screenshot.png: 2018-10-11 18:48:00.780588079
  +01:00
build/assets/images/screenshots/portfolio-screenshot.png: 2018-10-11 18:48:02.768610765
  +01:00
build/assets/images/stats/commits_2016.png: 2018-10-11 18:47:59.144569367 +01:00
build/assets/images/stats/hours_2018.png: 2018-10-11 18:48:11.244706813 +01:00
build/assets/images/stats/commits_last_year.png: 2018-10-11 18:48:10.080693688 +01:00
build/assets/images/stats/hours_2016.png: 2018-10-11 18:48:25.620867267 +01:00
build/assets/images/stats/commits_2017.png: 2018-10-11 18:48:13.204728868 +01:00
build/assets/images/stats/hours_2017.png: 2018-10-11 18:48:33.876958050 +01:00
