---
build/assets/images/avatar_big_transparent.png: 2018-10-13 18:40:06.950398150 +01:00
build/assets/images/avatar_circle.png: 2018-10-13 18:40:19.053060079 +01:00
build/assets/images/favicon-64.png: 2018-10-13 18:39:31.058479208 +01:00
build/assets/images/screenshots/draw-screenshot.png: 2018-10-13 18:39:46.869973094
  +01:00
build/assets/images/screenshots/rps-screenshot.png: 2018-10-13 18:39:44.569465331
  +01:00
build/assets/images/screenshots/prevy-screenshot.png: 2018-10-13 18:40:16.748553462
  +01:00
build/assets/images/screenshots/ruby-chess-screenshot.jpg: 2018-10-13 18:39:22.172511002
  +01:00
build/assets/images/screenshots/weather-compare-screenshot.png: 2018-10-13 18:40:30.347541506
  +01:00
build/assets/images/screenshots/portfolio-screenshot.png: 2018-10-13 18:40:33.228174021
  +01:00
build/assets/images/stats/commits_2016.png: 2018-10-13 18:40:23.470030787 +01:00
build/assets/images/stats/hours_2018.png: 2018-10-13 18:40:28.647168081 +01:00
build/assets/images/stats/commits_last_year.png: 2018-10-13 18:40:27.538924666 +01:00
build/assets/images/stats/hours_2016.png: 2018-10-13 18:40:39.765608980 +01:00
build/assets/images/stats/commits_2017.png: 2018-10-13 18:40:36.804959204 +01:00
build/assets/images/stats/hours_2017.png: 2018-10-13 18:40:41.738041797 +01:00
